category	term	ontology	GF VS SPF
GO:0007606	sensory perception of chemical stimulus	BP	0.00819442824556881
GO:0007608	sensory perception of smell	BP	0.00819442824556881
GO:0004984	olfactory receptor activity	MF	0.000602571320937008
