category	term	ontology	GF VS SPF
GO:0007608	sensory perception of smell	BP	0.00819442824676396
GO:0004984	olfactory receptor activity	MF	0.000602571321035733
